2391
3474
10323
8199
2808
7543
6821
1277
7293
1131
746
6317
9387
3014
1996
9283
6159
2029
9671
2990
2118
5938
10736
10944
2087
3765
10327
10464
10737
1875
10195
8284
6859
4641
8066
11073
1237
8330
3019
8201
295
6066
4875
3356
5037
6878
8414
550
5846
5895
10807
4757
6256
10593
3792
8987
1343
11262
3849
1089
1374
10135
8068
560
3462
4773
8826
8641
6573
393
9479
6676
3518
9302
3145
8521
1122
1449
6185
9938
1026
5798
3568
1779
10156
3614
3590
8640
1104
8366
9052
4699
4277
7180
11055
2196
10708
9681
4390
10631
8970
1412
2653
3506
7717
5774
5944
849
10716
7424
3658
7616
6777
7792
1284
3993
3646
2077
4711
8615
5707
1397
5082
10666
2187
111
955
4261
7798
1599
5987
6206
11102
9655
675
2089
6182
10050
2888
10929
5912
9006
263
2647
9737
6082
4070
4518
6872
6980
3184
5374
2815
6789
8416
897
10382
1938
4591
9465
2741
6320
3243
4896
9967
9336
9249
10881
7950
4291
743
10743
7985
7962
1290
4263
2359
2500
4585
944
4096
5110
10552
405
5603
1950
9377
5456
5518
5838
5045
6017
1177
5091
7230
8614
7629
6785
3961
6135
6340
8005
4201
1864
8590
1216
285
11154
9158
2829
6683
2630
9034
1361
4800
10190
2881
6235
495
616
8385
2699
2824
1075
2585
7347
1373
2336
1353
7486
1654
8935
1476
341
3641
4306
10145
3880
7576
1423
7851
8507
678
9539
8286
5197
8231
8711
1408
7563
1470
3105
11224
81
2264
6911
8409
2992
6512
601
3899
9839
7801
2743
8033
6014
6797
8257
3215
1213
25
3347
4499
4646
10421
8336
9295
9893
11059
7529
8905
545
43
1264
714
978
1705
4285
10305
707
6008
7243
358
661
3309
10420
6732
1988
865
9595
3674
4733
950
9814
2458
7829
7974
5761
2744
10512
2924
4713
3303
6285
813
11160
3780
6221
2958
5928
6818
9672
6469
5453
3927
3980
871
9498
3453
5013
3288
6750
7333
2260
9070
2243
10687
2490
919
3886
774
4514
567
41
7203
2778
7183
6362
942
5701
7925
4705
284
3569
3405
9195
3991
9071
6363
1025
3317
1469
8205
2880
3406
1119
5589
5858
7814
7496
7213
8669
8678
3596
8248
8387
580
3861
804
2652
9121
10463
7849
3851
3909
6539
3665
7528
10173
5485
10732
1730
5087
3955
5584
5538
5898
7585
5118
64
7402
5501
7523
2517
4303
7587
9736
5943
7533
3644
6674
7592
4643
8111
9897
9411
10183
1358
10146
6850
8661
3986
11037
2175
5971
5796
11087
4030
2323
4474
7504
6148
8192
7462
7782
8957
1367
11000
3175
8089
2690
6297
8730
1567
3687
2786
625
1335
3233
10831
1712
1790
8396
8770
8021
10824
3594
11246
1580
231
7609
8832
7137
3535
8937
3276
3881
8683
10503
5269
8237
10457
2255
9634
3843
9971
125
9245
10796
7264
10468
4240
7319
5261
1207
2542
11117
1350
4970
338
7488
3876
753
10303
4143
6685
7795
1102
5636
5868
2247
4456
2049
2558
9272
5144
11120
3937
8817
4531
9394
536
9979
2008
2137
1833
5139
6518
11041
10899
622
696
436
718
6809
1073
4677
10270
10545
2460
4804
174
2729
2398
4512
2860
7939
5787
10790
1371
1512
10900
826
3109
1805
1138
10718
5148
7910
9583
1413
9202
9538
1708
8082
6621
9987
3029
7694
10654
8865
5892
3094
8558
985
4869
8459
1396
9064
10821
9912
9515
1206
687
4122
4860
7094
6243
4296
8772
4317
7098
9421
9954
4243
1369
7433
2902
6399
8479
442
8040
11244
7858
8274
729
8996
5682
4362
7761
3837
3431
1789
10419
8603
4358
6272
5825
3252
847
9845
4666
6670
9758
8889
2192
7129
4650
8131
10843
1763
7001
6276
8356
5170
10098
4036
8958
5434
137
9757
2785
6728
8890
6875
4368
4605
1199
3307
10982
1214
3402
7693
7216
650
10804
7995
6037
5128
9072
2742
3468
8535
3838
7515
5680
2806
4669
5541
1838
9154
11147
6404
6742
10620
1611
10679
1718
3418
2050
1860
9565
340
2421
3735
4533
8752
1255
11096
7173
9370
4232
9057
3633
9257
4262
9837
2939
5871
11264
2894
2195
4108
2270
3978
7190
4371
3121
10397
9228
4283
5264
4339
7990
668
5623
10231
768
5460
3188
3654
3717
6744
9339
3696
5333
243
2604
2974
656
8013
4083
2397
5068
6595
419
9333
3326
372
3040
6102
9866
2256
7227
6705
8029
4516
7172
815
891
6574
2238
3979
8673
8432
3632
9438
9804
3966
9181
5267
612
5915
864
9023
7458
3372
10924
5166
5268
9535
9471
3783
4411
92
9543
3584
976
1914
163
10889
5390
2437
490
6028
6101
4726
476
10215
7061
1795
2430
5186
4802
7803
10906
10324
10456
8569
5085
5239
10315
4621
6486
8179
7695
6330
8306
7627
2713
6426
1606
2435
167
7155
2512
3649
10801
5925
2057
7365
5486
3166
4422
3716
8202
5851
4936
6383
5764
1507
7397
10462
1478
4900
7262
9018
9712
5668
7415
6631
11195
6719
9584
9372
3912
11172
4193
3527
4831
5982
4615
6773
6298
7080
1877
8815
9123
7222
7945
2252
8657
3844
8731
9558
7386
7274
9078
894
2168
11011
3794
3042
3850
5402
10486
1404
511
10280
3690
8919
6508
6283
9110
9962
11242
646
9668
1192
2063
315
701
4137
7362
6837
8441
6007
3530
4724
10320
1581
11028
467
8489
2455
9357
6901
10844
4282
4355
4791
2525
10696
6345
5393
10999
10958
4941
4264
5105
57
2279
912
2368
4462
7474
2456
5737
1426
10591
9125
3069
3859
10118
1537
4398
2113
5373
6623
4230
1870
8688
4278
640
1495
6545
3486
7643
7878
10023
5323
4010
1196
2069
5823
7699
2677
365
4503
10768
5056
11204
3902
8357
10062
1710
10834
1995
4016
5008
6699
1624
6108
10713
11072
7252
8497
1272
5833
6321
3815
4188
1880
229
1271
1038
3888
6994
1150
533
3545
7263
11064
6793
6924
6010
4293
7942
8781
6819
1802
9762
1114
3321
4270
3562
235
4642
9221
2012
4176
7838
10586
3784
8287
9577
5850
9073
10587
4410
6620
7022
3581
5555
9767
1403
7581
8241
9532
6050
11033
1058
1992
3386
7265
9233
3050
4729
1456
5358
3005
6917
751
5426
7463
10258
6306
821
8586
1381
2871
1253
3351
259
5115
4209
6662
9941
7484
3982
5141
11143
8415
6864
4101
10451
378
6680
6812
8098
6020
4894
6
1121
9133
8447
8052
9003
10652
10788
9428
9589
10161
10237
6707
3482
2901
7353
11032
3333
1828
11212
7479
6796
5510
7707
4478
7934
3214
4810
4992
132
1585
5338
9624
10151
6594
9706
10265
3363
9468
4424
1603
8718
3809
5514
8684
8000
6523
9592
11113
7143
4863
10153
10281
6602
8773
1607
2803
8698
1620
4494
7421
3007
4748
848
9571
2472
6223
3319
3810
6428
264
9172
7584
1095
2282
4588
7304
2185
8696
4911
6895
7053
6838
4781
6652
3444
9945
4458
8343
5028
3242
7805
9080
4081
11149
8097
10725
1028
6081
9409
673
7917
6031
6868
8055
3154
10989
838
3491
11210
6151
1276
3681
2026
3947
3090
10038
823
413
9783
4089
4742
10540
2447
4336
9292
508
2800
3032
6138
4517
1210
7300
156
4700
6605
6927
5816
9063
10058
7731
10285
4796
4427
5325
754
5388
6532
10016
10423
2921
9329
8658
3002
11136
2021
1499
624
6856
1976
3010
10778
7134
1713
2095
3255
5940
7655
8096
6634
10099
8600
9882
3485
2132
2131
543
10441
8391
9700
8301
3885
4021
5160
8822
11260
7741
1989
9096
4772
8124
6588
2061
6147
9744
6240
6506
1982
4510
9098
3718
10783
10828
5384
4065
4575
3990
4960
7999
1883
6186
7231
4104
4818
3769
4543
5247
11187
3213
3996
10446
3208
5929
3339
5184
1017
6844
6011
5297
5942
9508
4095
8080
7052
1777
2869
5205
10664
11176
1572
9176
1331
8836
10809
6086
8172
2530
4200
9414
10901
3703
9320
535
2878
3072
4577
6509
10259
8964
11075
4305
5001
5991
1888
5723
6024
5073
6366
6536
9800
10361
4648
5188
3929
5476
2328
6262
6503
11079
9303
8217
8550
11018
5038
10177
7872
5382
1303
19
9695
7548
1793
1758
1960
2117
6997
10376
8983
809
8871
7339
7818
8427
2820
6107
11083
107
9288
10777
7800
7443
1792
1309
3906
4785
5244
9116
3408
945
9904
5455
10719
5242
8332
1494
11014
2342
2383
7338
8070
736
839
4706
9056
6333
8484
7139
7483
383
1115
4795
6267
738
5949
10600
2481
3103
6051
10273
1105
11013
834
80
6013
2388
4654
6697
1085
7683
10601
1324
5896
7349
27
8991
5454
11218
1671
6087
7753
350
5060
4455
3689
2147
10351
1472
2494
3139
322
2706
9252
6690
5562
3247
4732
8924
6642
9519
7309
1527
8967
7835
7512
9440
1147
2600
5190
213
2812
2952
1830
5273
9053
9710
1706
6180
3241
3818
5169
9491
2156
6845
5967
1630
8485
7494
9685
6408
9600
171
4983
3606
7658
3500
319
10954
11164
9807
1437
2918
9255
6738
2639
9644
2372
4862
10715
7682
8717
9307
2203
7440
6711
5210
8151
5155
6763
8242
6578
999
3024
8671
5102
4910
9151
4233
2505
10742
8170
208
3840
4485
10717
3130
7791
10368
3020
5309
6191
9278
5483
873
9694
10714
1492
1822
4721
7041
9186
5322
6534
7341
1910
658
1720
3236
6162
7487
8480
7409
7700
10655
1394
9952
4844
4120
4613
6528
7638
3544
5784
9645
3553
5295
590
3342
2180
7547
755
8618
100
3368
2554
2004
8950
1756
2075
4616
8744
8222
3116
6661
6431
4484
4689
5177
593
5006
2588
7442
5899
8780
9935
178
3733
3994
10352
588
8995
11161
375
1746
2039
8483
4679
10880
889
8028
936
2689
10068
1800
7270
403
8617
11071
5009
4859
7299
7337
3383
4449
190
7850
7097
8069
1539
8499
1866
7431
9711
10105
725
7863
7399
9822
9860
2574
1665
5619
5423
9972
3495
5578
10890
6203
7232
9968
150
3791
8623
7497
7758
11270
3067
10370
2844
3761
5189
2767
5981
5084
7326
3762
7127
7102
735
7541
7653
10640
66
8290
4340
9108
9175
4047
8492
4003
5557
9268
5639
240
3516
6955
7727
3603
7144
5294
7831
9331
2210
6019
7630
4364
1132
2386
4008
4102
8665
8829
90
763
3098
1380
2858
3180
8899
2675
5627
3709
6464
4321
4746
517
662
7108
2280
5933
3074
10830
4906
5876
3822
4856
10928
7895
11093
4675
5831
3391
10224
7775
10103
2493
6816
2105
1318
2771
6480
2467
6052
4994
7346
7938
4090
8740
3497
412
8679
5548
4130
7191
8874
10544
814
4163
7781
8509
10590
10650
8094
9155
5664
309
6706
2492
9146
9526
6640
1856
9266
9402
47
11007
2663
2044
4491
2271
3179
4797
10872
10951
4816
75
2110
5370
811
1193
3631
1064
6429
7369
2655
2726
2306
5421
8986
1501
1750
8297
8169
8959
2693
6910
993
4025
1847
3096
3285
3741
4356
1354
3653
8471
705
7614
1579
5495
2068
7806
5121
1153
3221
4786
2827
6852
7331
7498
898
1681
2673
7988
1023
8304
2174
1962
3586
6041
3126
7701
9722
9074
9219
1691
3073
6851
10508
7726
2967
4532
432
917
4601
10977
5113
9091
671
10266
10597
9956
9450
2708
3997
7596
281
8568
1226
9173
9795
8317
4540
10385
2537
3210
6905
87
5259
4177
7310
3738
7613
4132
4819
8180
8123
8540
2257
8757
8810
11213
9345
4445
6527
7766
6477
175
7464
7485
664
1954
399
5053
4924
1885
9701
8655
1957
126
5755
2475
110
3478
5099
7743
10794
553
5394
5020
7677
749
9240
8978
69
1473
6307
8145
8431
4736
2642
4997
10945
8963
2668
10158
10622
3132
11234
40
2891
6389
10496
990
3369
6319
2535
3336
4430
2510
7586
9135
11129
803
9189
1621
2433
1670
8445
4330
6940
6117
3698
2540
6378
7189
9366
2562
10006
392
9520
9030
6626
11024
11253
6413
10194
1484
4535
8351
10417
7913
5478
8574
9127
10776
9598
9055
9209
8419
9841
3503
8925
4147
10070
1726
3043
1425
10137
10919
4542
4909
3081
6542
3942
10765
1853
7881
6748
11110
4848
5920
653
4251
900
10814
7058
6795
9885
1884
3289
8850
7312
1178
7633
3446
8454
2700
10398
8609
10262
747
8227
1668
557
5022
8153
7935
8897
10668
7162
10709
5174
7081
262
531
6380
3781
7873
2970
5992
4145
5227
11112
5498
4239
2638
10592
8436
4483
7783
4181
6485
1081
2140
637
8522
1829
6275
8458
3813
7929
2799
4256
4744
5127
8656
10770
422
11134
29
1482
5447
6669
321
6123
2236
5678
6170
6553
9385
930
8555
4470
4665
8266
6563
7571
2410
3061
9688
6450
6758
2539
380
3600
9953
3867
11040
9633
8397
9094
8226
8693
9597
4378
5696
6064
6065
425
2251
9813
370
4867
2197
3487
6973
5801
4895
7131
3932
10139
7777
8331
1663
4676
8861
9365
3952
9669
6729
8102
8659
8035
485
529
1577
7624
10974
1918
603
7640
10371
11199
8158
9281
2954
5132
7244
2408
9301
9150
7971
726
4659
8381
7390
799
2031
5263
5927
9049
9816
3439
9785
1604
3701
5027
7672
9177
835
1203
10442
6638
8417
8813
11123
6286
4254
4572
5567
6600
11251
1775
4413
10298
1320
5606
8491
9225
10174
8527
2205
5717
8319
5342
1065
2937
3146
2154
9552
806
6695
10527
2059
7960
5948
8380
3003
6986
8386
715
10616
3939
65
6666
8802
5237
958
3192
3141
6590
2864
1191
3730
9599
2789
8707
4250
6168
4979
4359
5978
9563
11021
11255
60
4416
8061
3772
7422
8666
2170
4599
920
3591
256
2546
5026
6083
1231
8054
8150
3085
7525
2292
2783
7033
11241
7527
6416
5201
4186
9126
1820
6468
1308
10112
2899
8726
2665
3959
4245
5314
7212
8918
6395
7271
9058
9067
1772
9434
7091
10865
7330
8965
2904
5732
6245
6681
10694
10353
704
4578
5234
7303
5794
9383
10998
6974
4394
5466
5256
7317
8007
10577
6449
4276
7184
3824
2028
5960
10917
160
7492
4639
9178
10095
10472
7864
556
7842
9638
10786
7723
9658
9969
8916
9152
1357
1517
4989
8138
8630
544
7823
2312
4622
7738
4287
7507
9648
6694
10
3113
2052
7432
2258
2377
187
5995
7996
6829
6920
4395
4326
2745
1037
5415
9832
1376
10685
185
4596
1190
9398
2559
3480
1486
2533
10348
9047
488
4180
3194
6570
7632
6291
1562
7205
534
1586
6691
291
1634
306
8845
2111
10829
6025
8208
9833
7737
690
1794
9557
4402
3820
7377
5857
9723
10585
6313
420
86
5108
8518
3190
7684
7721
4198
5977
4592
2943
6835
5963
8969
635
9027
3374
6379
7167
7535
11062
5609
3721
4328
7968
1927
4934
5951
3258
8982
5805
3275
4425
8627
8634
1375
9741
4471
4457
10347
8326
6919
9311
6656
2965
10450
2100
7416
236
8759
991
5025
9433
3070
313
994
6280
10516
11155
2242
5140
2138
1368
4590
5218
7575
7116
7711
477
2115
5526
11229
808
10667
2933
2443
4235
5809
538
9396
5815
2006
4843
6356
82
9259
8283
1504
4094
750
6190
3470
8541
6751
573
10996
5705
1928
5203
7153
9323
1474
10884
8388
937
1998
3438
9179
5698
9831
4310
2907
9192
9389
3464
5399
8646
8583
822
1876
8785
9884
4379
2469
6460
3954
4164
6144
6762
7200
9054
9529
2509
8073
6239
6672
1513
4248
9284
9771
1503
9458
1704
1923
8751
7708
10943
1951
7534
1346
5494
9391
1345
410
2584
5605
8178
3203
7623
2325
10638
3235
2607
4854
8075
9444
9106
660
8036
5655
5738
8556
3685
8643
1656
1986
3076
9808
6281
8516
9679
4912
9375
8703
11250
8806
7720
10565
1721
1525
4712
6323
9399
983
2322
3017
1569
9820
5409
8755
1534
1174
3182
8596
10480
7357
8808
5667
10699
3751
3793
8816
10810
8701
5221
10322
10429
10781
6204
7083
426
97
6491
4607
8225
4117
7933
6179
791
2817
3777
5318
2929
8493
429
6772
2565
3841
4647
492
3341
5572
9340
10230
4922
8993
962
5956
6853
9420
853
10301
8212
2269
11138
5492
5617
8598
4074
2816
10428
8911
10017
2608
1458
5711
4265
4817
209
5795
5886
11127
9740
3501
6152
9657
11148
10109
6926
5405
932
2288
5437
10297
2532
7626
265
5441
10344
2126
6029
5395
6210
7217
9198
6095
6581
8065
12
9264
6071
2114
8670
4655
9161
1533
667
10608
5288
4886
6097
4075
9825
2048
4308
4086
2893
222
526
7921
7952
8913
2853
5819
6993
9156
379
3773
7000
4502
938
6398
5710
9051
159
2149
5122
4460
6472
829
741
2854
641
2474
5173
8720
1156
2928
8743
10264
4307
2035
5672
4521
679
8375
7090
9818
9974
4222
24
4940
7675
10678
9573
10357
7242
8884
6547
1268
5561
6494
940
566
2441
7940
7030
987
10141
5274
11170
7069
9869
4569
2082
8736
7417
8828
7752
8060
2160
2220
3031
4763
9764
2624
7944
7156
3278
5936
6805
2572
6061
9222
11167
4686
2159
5989
7901
2194
469
5376
189
10096
5556
5445
6840
9341
10129
6935
9659
1267
7003
2914
5545
2072
6562
10182
4799
8625
6092
7375
11247
6287
6568
4219
1087
8113
9988
1826
9554
6457
7762
2940
3196
4056
77
8183
3977
9269
7518
3613
5641
1842
5665
5133
5522
5284
3156
8807
2548
3001
9328
3124
1220
468
11034
9917
552
7912
1157
8909
9449
10345
6387
3872
8120
8819
78
1176
9859
4965
3508
2416
5086
3998
4029
7991
8434
5050
8851
4842
5123
8842
1312
10636
6567
10684
3463
3948
9344
6814
3835
11230
1310
1652
868
2876
3571
7260
7661
9424
4661
11203
6716
7691
7984
5590
5845
6100
3836
10162
10750
9239
3357
5888
3397
4769
2972
2212
9244
5975
5602
7874
7764
9642
10533
3382
9777
8280
1727
3742
2007
10200
3705
1768
7685
5248
10119
1857
3726
3699
10575
3770
3817
8031
8126
1392
8390
333
3554
7907
2752
3647
9521
4526
11091
8748
5643
7014
5702
1583
6315
5984
2696
10102
3587
831
1558
2797
10559
2593
11058
4798
3448
10701
1825
6049
2606
4824
10293
1071
6954
3766
3669
7065
7530
6566
10209
3605
5739
2603
5213
6541
252
5521
9374
7591
10263
11069
6614
3660
5860
8591
10634
4228
5075
5766
6420
4431
4506
6436
4589
9728
6279
1022
6410
7564
1536
8218
3711
9718
10771
2016
1006
7292
1754
4943
3467
7187
2590
376
1225
4214
7286
6931
7478
8790
8209
10086
6692
10379
1209
8161
9142
10012
890
8645
5230
6866
503
5959
8440
548
2150
3870
6826
9145
1662
8253
3897
4720
8370
6197
8738
7502
1894
2184
4718
3429
4760
8200
5904
6721
6114
7532
8992
9495
7706
8552
10405
3697
5164
1690
793
8860
2427
4905
6099
4172
5182
10350
8724
5877
9362
1921
2304
4738
2232
7787
2127
4548
8501
8088
8011
4927
7830
3935
9330
1489
4883
5206
706
979
3442
3557
326
2324
2425
9588
10869
2166
2419
4606
10985
5974
504
8508
5272
6482
4649
8946
11206
3540
5083
8146
10253
3229
4952
9857
2616
812
4473
9721
2680
7272
8067
10528
10991
7828
218
7413
248
6713
11016
6848
5595
8119
11193
5553
4220
10211
8368
4528
494
10755
5364
4302
8020
9079
6278
2702
5592
7218
10975
8620
10613
3330
7371
114
577
8626
9347
9386
2521
1144
600
8210
3650
245
5260
2285
6723
9480
7772
9322
852
1878
939
7516
5946
2787
5117
8998
9582
9294
8163
7298
2224
3808
5235
7198
10757
2254
6613
569
1854
7954
1049
5130
8337
9734
1244
7558
10289
3066
6842
1200
6322
7373
8363
2609
759
8187
3354
142
176
5913
7461
6120
7287
8009
225
7388
1757
6373
7606
388
11188
3889
4583
8513
3763
6801
1675
9691
9223
10394
2998
2838
10169
11181
861
1098
2985
8349
10330
3866
3956
9955
282
4353
4022
5719
10499
8424
8948
8854
5910
9016
4324
3476
8465
5576
9200
1055
2719
1117
1339
10700
360
7446
8439
3543
8090
11235
6303
6463
157
7376
10840
439
5280
10604
6886
6972
9019
11090
4873
910
1205
3493
7114
2613
10180
4670
70
4486
998
2436
2917
6225
10514
5315
8853
9134
6365
5168
4962
8966
8377
9029
5398
8941
2507
7869
7979
5023
5071
2405
9273
10866
3744
7077
1241
10789
6874
6367
1302
2983
737
8133
7689
10126
8095
2401
268
1466
3403
3498
3630
10079
5778
10026
8114
9790
7380
5152
10308
1667
4513
8547
2875
7882
6310
11163
39
374
2295
1815
2711
4159
3635
7867
6227
9183
11066
7824
2235
2592
9806
6654
10184
3224
6181
1215
6968
2454
480
1852
3080
4714
6978
8017
1898
1622
2189
2945
1351
948
4882
8825
1051
4865
6522
8334
1945
6817
8373
6234
7332
10563
943
3204
10959
1526
2480
2925
3601
4069
8229
3734
6664
7536
9487
2674
4696
4014
10465
3092
8418
3758
5760
766
7893
4464
8015
8353
10172
180
9990
10284
3708
10089
3282
11122
1959
3381
11169
9075
9949
4013
9137
595
9776
8043
7671
2772
2244
5648
3599
874
4775
5647
3969
6689
7368
6400
129
4716
8288
8152
8495
10509
9115
6172
10247
9852
895
6035
10727
7770
10984
7698
4091
7055
3623
805
10942
5196
4916
6565
836
8562
10691
31
2887
5903
10222
2938
6915
3404
466
9779
10366
8039
2358
6962
4973
7648
2025
5396
4275
8466
3200
6364
6811
8223
9095
1632
8053
10117
4963
7812
4213
7560
10411
10625
1824
8423
1602
11144
5276
3987
1702
1140
2215
4951
3900
9742
9547
1784
9636
6559
10607
8812
5138
1849
2088
4858
2631
3788
7665
5067
7240
10576
1679
2515
967
1903
1786
10648
93
2108
10836
136
1030
5770
8907
9308
6454
4428
8791
2318
908
8298
10764
7615
10672
2575
6200
8240
11233
1791
10325
3219
5800
7350
10403
3451
8128
6282
9735
7455
11039
10599
1947
10274
2327
4435
2794
4249
1755
1922
8831
6391
6544
9415
6800
9274
3016
3107
1034
1113
1311
7716
5637
1407
1752
8041
878
5425
9674
8635
3458
5167
10686
8467
8219
10822
6769
242
3413
10523
4570
387
3637
4719
6361
9569
1858
6958
7355
9562
4857
194
7027
1850
6832
10319
7245
7510
2782
682
3548
7555
7387
5419
8032
9045
6171
8141
9810
11086
1004
2448
1540
7600
8968
3055
4151
7073
7521
10513
5029
3615
10213
909
875
6018
5614
10328
1711
3136
5549
2543
10838
1646
3612
6766
1391
6207
9575
269
3737
6779
197
4138
8727
9087
2403
7622
3261
7327
7786
8056
8943
4788
7475
3933
988
8482
1328
5625
5772
8706
7742
5714
76
6764
599
2915
9289
933
2486
7728
11209
5401
6384
1434
4633
5554
10060
5446
10144
493
2686
10805
4418
5232
4257
7778
4140
7436
224
3344
3675
10808
11145
10946
343
6305
8174
4671
10878
4304
10530
5660
8914
9770
2412
3111
2874
11139
1118
2957
3855
8594
1263
3957
727
1137
2951
7057
7452
9560
9880
5965
10037
9769
2274
5304
1107
3360
4284
7956
4681
16
918
5544
5600
3312
4212
1459
10069
10210
4165
7854
5887
2597
3722
1649
10107
1411
734
8137
5970
1835
10364
745
9719
3421
10584
59
1240
462
748
1274
6684
10339
1451
3611
4127
5520
5874
5154
4294
4380
7972
2352
9282
9799
3299
4563
10252
611
4545
7351
859
5659
10887
3688
1783
2162
3582
1897
10334
4033
7724
9754
10108
3702
5241
2910
1734
8945
9821
9890
8101
8140
1385
1160
6176
8567
9404
8084
9992
1100
2979
10206
1074
9392
7246
10782
6130
7280
7328
2504
4046
4182
8023
9262
9351
10498
3325
8276
10862
8739
5635
7961
3123
3153
3823
4497
10343
4566
8510
2705
7141
6349
1139
6668
5806
6529
541
10476
4885
3162
9664
11012
2586
1039
6375
7493
2265
6105
10179
8637
7036
7958
3302
6948
5069
7688
9199
10779
9574
10467
3114
9114
802
2226
4557
5047
6755
10837
10791
1952
10131
5624
4381
3833
3411
7666
10362
2758
9647
931
2332
840
11256
8839
5802
7401
10923
11178
5593
3350
5824
8216
4752
7088
8973
8460
8167
199
10677
4707
7561
5826
9604
1548
3271
3437
8729
2428
4332
10342
3364
5200
108
7268
10011
1430
4978
9493
565
3723
7283
9801
6478
7148
854
10572
3800
220
4822
7456
1832
5307
5209
8834
8464
6248
5546
9906
1262
3795
8864
2014
3218
3627
9507
4919
7192
7875
5418
2641
6407
1444
8294
470
9703
6647
7165
8653
4452
9879
7010
7229
10407
7992
2628
7325
184
9610
9793
304
790
9576
8451
10556
7468
9951
8672
251
8624
657
8876
9773
3396
2790
6004
6880
1211
4966
10690
9092
1942
2060
4168
8443
4343
9026
11001
905
2526
9482
1748
7848
1298
5559
8264
10356
3021
8143
6382
10092
8597
4836
336
6043
6183
2357
161
6514
4376
10477
1919
6174
7411
11029
5385
872
7323
8896
9819
4419
5135
680
7826
8233
3308
8295
862
9637
10338
542
9014
8487
10242
344
3262
4553
8818
4564
3409
8190
6175
6943
9815
1929
2045
1751
10665
9076
608
3913
4923
4767
6963
8085
8835
9184
1949
9369
6922
2625
3727
9159
3434
4888
7358
6335
5312
7732
7276
5463
7503
8340
9232
2290
7980
721
2768
1549
6165
7703
3151
4693
7797
4561
10360
296
5882
6537
5681
3985
6904
188
4876
8086
221
2847
6501
3504
9865
665
3514
5907
2836
7469
1518
8680
8477
4397
4667
6700
10232
8062
7453
3860
3683
9338
4893
11175
7981
1481
3290
9373
10612
397
1821
7364
8469
7517
10724
1887
4099
10767
6009
3481
6228
6332
3013
4625
2814
4877
8296
10228
3311
1524
3133
5298
9627
7259
699
2409
3677
1429
7378
1672
10051
3240
850
960
4005
6933
4377
5935
4475
5347
445
8191
11098
7154
9170
2223
6023
9732
11017
1496
2503
23
489
2041
1252
4271
5055
8681
7754
7407
1414
7745
101
9417
10283
20
5245
0
2001
4855
1280
7277
4338
7519
8224
5224
7927
924
2634
3079
8135
3407
7476
9083
2566
7763
10871
4662
9522
3740
6557
10934
5156
5300
1099
3088
1618
10733
651
8654
1388
10199
6869
7573
1506
8394
481
3291
4396
583
2065
257
8149
32
7876
6072
9842
9207
1300
3556
2960
8868
2130
7679
471
5954
486
2179
8933
5407
7771
1427
3879
1011
260
1997
8735
2033
7551
5615
9410
3691
554
6312
9312
4807
7574
3091
4407
8476
6696
6788
10642
6115
4967
7506
1741
2679
4153
7816
2843
11092
1955
10217
1851
8327
3280
9291
7447
9416
10196
1454
9009
6459
4948
4347
1336
11266
5663
8110
2617
6350
8628
9325
3827
3943
5112
7344
10649
4770
5631
2906
3526
9166
9488
4320
7176
7451
5222
3799
546
172
4980
9959
1907
10159
9533
2036
3095
8863
1270
6479
1575
5000
10311
4155
523
1166
1843
7247
10915
4508
4695
2697
6271
1980
5048
72
6357
9989
6834
10453
2034
7049
3830
3264
5081
5240
6311
2250
5183
5998
7759
3796
4525
6232
4000
1582
5457
6944
5616
7989
4023
8354
3489
7199
4576
6415
2353
5377
6247
9144
581
8859
8728
11078
10341
2571
6863
975
2999
3305
8857
10885
200
4369
2637
4529
7059
10236
1327
4627
6839
5231
4580
2489
2259
7619
3170
6062
2373
10248
3441
8642
9530
2093
3670
8908
6734
2973
6768
6960
10309
6630
4327
11065
3135
6483
85
8944
5470
1321
6257
521
6074
2657
3839
8500
121
3911
4350
4272
8921
9418
450
1249
3414
2629
4045
8030
1438
3484
10970
4087
3768
4038
6720
2660
7429
13
1966
2485
4640
7768
2747
3071
1674
2182
6516
6966
7511
2523
10658
10712
6032
473
6825
3375
621
4417
5291
8936
67
9698
2158
5350
5695
2513
2980
483
3576
8171
10651
7066
8092
881
8956
2297
3625
6802
6510
118
8888
2020
5973
4404
10526
604
4658
7470
1285
7359
8664
7941
8312
2348
630
1443
6615
6783
10469
4915
1066
2855
244
4420
4004
10424
4348
10294
8450
4238
5302
2058
4423
2991
4853
287
7140
10888
744
1797
9089
8517
1529
3273
9934
3176
6730
8324
373
10335
3753
9895
2053
4175
424
6005
10053
2840
9169
10003
3346
7687
3367
10124
1855
1902
10882
4352
9400
1816
5320
456
7957
8
1808
4565
9443
4393
7554
7719
6791
1032
3447
6507
11116
1101
6930
8220
8486
9609
2556
5351
5622
10170
479
1520
1008
8638
4515
44
10287
6646
9883
5448
8329
9140
4768
7035
9371
498
6998
4115
4453
1033
10549
1410
4620
7060
1869
3868
7396
6136
3890
9900
3759
4194
8844
7034
2594
1600
3455
3525
4725
3269
9427
2482
2582
7356
8677
465
1844
8549
8593
1201
2961
3222
10955
6822
3847
5281
8461
7937
719
8885
164
10203
1490
10847
9459
795
9796
964
2233
2286
4830
5243
6253
8117
2737
9510
10181
1925
3616
5489
4103
4135
3915
6030
3390
10010
11240
3775
6644
8321
10784
5742
2411
7281
9021
5469
6346
11156
166
186
4935
4663
4468
7465
8526
3490
1961
10399
2047
10618
6300
3283
2587
2717
3304
5543
2895
2962
5040
10256
5090
4618
9697
10205
6184
4921
8712
6405
10893
9625
9752
2081
3648
3322
3857
2173
2384
2709
165
564
2865
2889
5145
8302
7168
10288
10413
7044
1687
6167
9122
10581
10067
7367
1804
2691
2648
8130
5836
6465
148
9349
8410
8369
2501
6717
4808
3452
3992
433
3466
5250
7100
5054
6427
1673
3292
6039
6292
10090
1899
8195
11158
8775
9111
10603
9525
247
1360
10201
6195
3871
8091
5355
7821
1597
2611
3163
337
6178
8181
4823
7251
3919
6519
9015
3797
4504
5630
10116
9401
4031
6906
9017
5433
328
514
6289
1744
4479
6687
2139
6042
1010
5626
6458
10868
3314
6125
9276
8746
3216
5308
824
8338
9218
145
6757
11105
700
2240
1785
10214
7853
9489
6103
9580
8809
1116
2986
6540
9381
2164
1926
3078
2896
5917
9872
7109
10326
4762
10972
8548
5834
3694
2987
2424
2404
4861
4207
2715
8147
1222
4884
10147
11119
884
10048
10316
10221
9590
7602
5
9256
227
11180
11225
10953
3387
4878
4234
8792
9171
6787
8221
2615
10825
7313
7832
8182
10292
1018
6981
1774
7670
8902
9069
8519
7392
10858
6329
586
5339
954
3945
6134
8723
9473
2219
11106
4068
597
1625
4351
6423
2966
5969
6328
232
3245
5303
8719
3115
10321
9544
8840
562
692
3662
11051
5424
5220
5813
9909
4891
9007
9355
8115
6500
578
1124
11082
7220
2900
10987
798
3226
8236
9208
903
2728
10957
1568
1971
10363
8912
5849
2487
4146
6424
7208
7418
1739
904
2649
9
8713
8904
9704
3652
10726
8903
8763
4461
8299
957
2868
6301
8725
2872
10859
11053
5890
10031
2216
1707
10968
332
6521
8798
8384
5199
10927
780
3755
3826
8456
4269
6196
7884
10378
3164
9619
10150
7620
8318
10254
2661
9360
771
5873
7361
6862
6575
3666
6045
2246
7435
10656
6091
5633
10855
1701
5685
6556
876
6896
1154
5720
5512
1352
3593
128
7776
730
452
2955
3185
4889
5746
6290
1000
8374
1722
5229
5990
6040
10800
11214
2276
7329
2230
5793
8649
499
8811
2074
4871
6294
5924
1666
4751
2923
2399
2618
4388
10820
8044
3804
8129
788
10000
6390
7175
846
2736
2963
3502
9012
7117
7924
9789
717
6913
6836
7898
1169
9548
2291
3609
6616
4955
7295
1812
6659
9182
10275
10091
4082
10680
3454
3938
1505
5151
6854
9113
8824
2579
6511
6369
434
3854
5530
1229
2371
1083
1424
3167
8660
2683
11254
7747
2294
9008
1693
966
2370
6770
6406
4298
6080
11081
5012
9964
9446
663
4466
10346
8008
1578
4184
7016
620
2746
9193
7086
2062
10015
4092
7636
8794
4448
8251
2549
1874
5124
6957
11035
4434
10445
11267
9929
1523
1678
1016
1317
5116
6885
1725
695
3513
6538
9077
9368
1759
3416
9908
10019
10229
4520
10251
2468
10774
3155
4109
825
1839
3207
3337
2309
7471
10688
5914
8841
7015
1747
7919
9596
2112
4060
9805
3873
5353
5908
1082
10029
6752
3583
2046
1677
6177
2739
4072
6876
4920
8230
3362
845
2761
1319
7588
6815
3856
4560
5100
7499
6712
5582
3475
1292
9830
2445
3561
371
1891
4743
2444
3974
8750
8428
4811
7051
3944
6921
1570
6499
9212
6879
7449
1571
8878
6139
6709
207
2656
9809
7122
10244
10775
2064
9623
2379
10611
3492
3564
8382
3191
6056
11231
10704
1400
1729
8733
9716
7296
10260
5408
7064
10439
300
693
579
7385
9914
610
10772
7964
2002
9102
10935
6434
8256
10168
364
8783
1019
3023
4110
7520
7660
989
5439
134
5588
9022
9924
6799
7598
2380
686
2054
3748
10061
8997
9794
314
547
1771
4740
1559
10408
4558
7649
10085
11004
2330
2577
10897
7709
8238
8531
7193
8636
2514
6471
8892
2946
9629
5694
3898
2314
4363
5535
7852
10447
6726
2442
3565
6444
1224
3237
6585
1913
7197
10219
10645
2381
2415
7079
921
10373
8164
2471
3093
4845
10846
7382
8787
9358
2345
2056
2687
6473
10478
6264
8452
9983
4930
11068
1278
3343
10299
2176
34
3469
2718
522
1468
2037
7920
7316
9615
8682
1399
9251
1187
8134
11044
5129
2919
4319
2289
2654
7644
5361
9702
760
10261
757
10692
6412
1313
2610
6502
8577
3131
1999
3025
4839
5591
4190
6571
7669
1185
3230
6284
7360
4106
4097
5820
1841
2499
4881
7890
1395
3661
8975
8472
9678
4451
430
206
3551
7788
3108
3936
7817
10435
3984
275
1709
5379
3767
1881
3802
4815
130
2125
2866
4292
8367
7559
7744
10225
7301
6088
2833
2898
2733
6808
7514
9699
7664
2337
527
6036
7631
6663
1809
3227
4229
3427
5628
3460
5734
3449
10390
8262
10164
6251
6488
9683
10163
4241
7335
5427
6827
9476
5162
3756
5718
2040
7289
2120
8157
9143
3555
1617
8572
9995
5725
5847
3435
10268
1638
398
6515
2760
8536
4345
3917
628
1535
6754
6237
4984
7314
7105
10395
10702
6983
10300
91
1845
10001
8504
4498
2541
6119
4812
1480
5782
6443
9551
3878
3140
3563
7457
5683
4723
10290
6912
10055
568
773
6900
1538
9849
2023
2183
10204
5255
830
3619
8038
5754
10495
9403
10632
382
352
7480
5431
756
2569
4624
5016
10185
4827
10437
10166
9675
5955
2400
10812
4171
3805
592
1031
2996
7221
214
1228
11197
8405
10080
3268
3624
7715
8644
10078
3104
6950
9119
152
589
5780
4501
10355
1314
10543
11191
10393
6841
6882
5283
9277
10056
2805
6068
7379
5529
1110
11019
10738
9919
8742
8833
8079
5932
10097
3479
5252
6003
3445
1882
4755
9160
9406
4015
196
2225
3821
10550
10960
2229
7164
7305
116
5233
2079
7790
6760
4313
2779
10907
2080
4634
6946
9867
10333
5983
217
7793
9279
9046
8046
5691
10628
3238
1806
5404
10042
9050
9651
2135
5709
1212
2784
10500
5104
99
7524
5596
1245
9864
9059
7076
4354
10386
1753
7253
2756
9724
9196
10349
7578
7177
9236
4408
8650
6437
8702
6187
8339
8846
7951
9829
2145
5771
9124
949
6907
9797
11010
1647
2650
7839
7637
10022
10911
1265
3858
10474
2984
3626
8575
8093
7556
3714
7749
10372
9405
5285
10431
1965
5365
5654
7656
4463
10898
2394
367
594
2262
11063
2070
3695
9423
5964
8962
10841
1859
4612
9581
5092
320
4443
10536
3511
3923
7393
7696
7905
3655
6635
615
2420
9760
598
3552
5976
2524
8830
9950
8530
8709
5459
9497
9296
8234
7903
1584
3168
2177
10165
4635
10641
4385
5968
298
7916
3004
9925
10948
5587
5564
6084
2621
4011
10384
2759
1762
9663
558
1015
3348
7550
2071
5777
7234
272
3848
9297
10377
8571
8721
4006
4991
2511
1096
3811
5343
5669
8663
6055
9720
3931
5034
5226
6277
9714
10307
832
11207
9441
4260
2406
6871
3158
6577
6106
7705
2090
4116
10422
10044
8362
1890
7085
8514
74
2263
5451
9310
4337
491
5599
6252
6733
3757
7618
1648
2519
1378
7472
5236
10983
5391
6033
8613
9998
4708
5340
5775
7713
8105
10286
88
10976
11076
8001
9876
10101
6902
6952
2776
6923
855
3634
5286
9903
2671
6089
7667
475
6746
5332
5880
6453
7394
50
4683
9676
5558
6619
2429
5565
11190
1266
6142
2277
4490
4119
1658
518
7949
5601
1145
5941
9148
10583
2734
6073
8704
11126
5258
2204
9492
1685
6576
6217
9792
307
10505
5249
5496
3764
5670
9518
9242
9461
10249
606
10802
8446
293
4382
6806
8463
4105
6693
9626
1329
519
9899
2557
6441
4216
1409
7428
8972
8457
3608
8573
8686
655
2449
11111
4702
4908
5204
10551
4170
8254
7194
1052
11211
1067
1223
956
8259
6336
6610
8175
6316
9376
1463
11157
4846
5618
6141
2181
758
10557
1497
712
7807
3
9147
1541
8692
4196
6855
7404
6651
9540
5985
8455
10967
5515
6163
3058
7796
5348
703
3519
4225
6057
2171
1963
4779
6325
9020
1435
9834
677
8553
9293
4318
2959
3895
18
6466
6546
3266
6381
8502
571
3925
5528
289
6090
888
8887
10515
6607
2272
1596
2941
4215
5064
10981
7729
1440
1362
155
8136
3651
6456
10703
154
6231
9224
786
3916
6198
6861
9555
10532
907
1840
9153
1218
162
7891
10318
3864
9854
2627
449
2338
8392
10049
10657
3187
127
7712
9132
647
6126
11100
7202
2422
5620
2302
2873
6756
226
6372
7617
10629
151
4079
10728
1347
4692
6592
10659
4392
10753
7804
10894
4150
3056
2995
6961
8042
7354
8293
3296
4169
724
1232
5046
3423
4037
5885
8057
1070
3327
3789
4780
4334
7542
8867
10035
6584
270
1260
4990
8207
8631
8539
6078
10766
1047
8951
5031
10358
4660
8827
5502
5993
10803
8566
3752
10979
1594
1813
5443
5811
7491
4258
4594
6309
9975
1112
1983
1159
4977
4053
7634
9185
1007
5389
7256
4495
8994
10410
1498
5958
2975
10227
10459
3678
9429
9870
5513
1384
5706
4933
1442
8769
1543
4373
2351
6021
8652
5195
971
3119
8891
6945
7612
21
4961
4195
885
9765
9915
4986
5594
33
1633
8364
3084
10039
8525
3117
4231
5165
6233
7639
5916
9862
2599
5570
6778
4694
10380
7250
8404
5666
6992
6462
776
4794
9286
9660
555
4657
716
4152
4064
6344
7969
1127
5583
9430
5542
7398
1680
4236
10028
4574
965
1299
9976
5634
2032
1508
1623
1259
1987
9705
9611
2278
1619
2015
4131
8049
8767
4288
6355
9745
11009
9042
1483
2701
6324
5736
3149
8942
10555
2570
4026
342
9246
6554
7908
723
11089
9766
8676
2716
2851
10178
10438
7092
8604
4950
7833
8741
3760
5919
4383
8004
8160
10443
3332
3921
1457
9871
10123
858
5693
1221
2724
2451
8559
4370
1356
10876
9504
10020
7238
400
684
3379
8355
8310
5319
9467
4492
720
1257
7477
2316
1090
10850
8789
2321
2950
1172
2453
9334
1340
5872
7481
3643
5187
2738
11215
3477
4335
4551
6653
9844
2142
5019
4710
1123
478
10452
3914
3300
1230
8788
6490
9309
9032
10354
711
9432
7931
241
4539
2710
7096
3371
8619
1698
4446
2103
4253
7363
10267
10588
3875
6358
10036
4507
7209
2119
3828
4341
7438
9231
1985
8185
6222
10886
9380
3622
6698
7918
2211
8360
2912
3272
6116
7986
8528
11085
6295
8588
10471
1865
4968
10566
1932
5499
7182
7889
181
286
1009
2755
10731
4644
2669
9315
7110
3953
3893
8244
4088
4157
8984
8422
9439
2823
7784
6942
8277
6430
8529
7526
10966
11022
4441
2248
6425
10698
7718
9980
9572
4727
5644
303
7119
2798
3865
6639
9517
4749
7138
2214
5493
6790
8474
1609
8511
8430
10430
2678
5797
1788
4754
2459
2981
8801
11146
416
6596
3529
7810
10936
10949
2011
3142
3807
8758
8602
8554
460
3052
843
10751
5844
9848
4049
10562
9378
9828
4849
7115
1337
3394
4926
318
4493
5219
6582
17
3358
2692
6188
3816
8309
1801
906
9556
2331
10167
3177
8560
8584
2622
3297
288
277
6242
9460
9747
5504
3628
3710
9782
1479
7239
9661
3419
8204
9618
464
702
5713
10176
934
4027
3008
339
779
3712
3967
10402
9210
4537
7025
183
5733
3604
9944
10416
8308
8099
8589
10071
1589
1728
6798
9649
709
9001
11094
576
7822
7965
2502
3575
8797
7603
10507
3250
4608
6226
1511
2612
2703
3260
638
3385
10271
10329
3400
3922
1383
7994
9817
9451
1695
355
7657
8838
3161
8737
5088
3263
9905
505
7195
6418
11192
935
10502
7123
10255
5293
3574
7813
9922
443
1650
1344
1651
10188
698
3033
670
10827
7531
3882
3274
5125
54
7580
10466
5726
1183
582
330
3972
3509
5503
3510
7021
9393
10132
4360
4602
472
3035
7595
8184
1566
2531
5301
7947
6302
8608
2964
7466
6244
5450
1694
1355
2732
5357
6403
3782
1286
6823
5228
2997
6702
4149
377
3284
4244
632
1818
6474
9437
7196
8311
4637
4988
7032
1817
2188
6774
3907
7366
7946
3259
10670
9350
4361
7012
3588
5216
8045
6909
3946
4281
10504
9484
4809
10083
7132
4680
6342
9157
9586
8470
8952
3041
3629
4202
9786
2795
5536
3976
6916
8292
9011
8159
1001
7322
2694
1377
3558
5878
5062
4133
4028
2434
7427
10314
3086
3267
5676
6714
8193
5096
7751
8078
8503
1242
9390
2396
9536
2418
5650
4386
2658
3053
6989
6995
10040
1079
4042
9499
1933
4323
3015
6417
7178
361
1059
10473
8027
5629
3254
9474
10192
2369
7147
5690
9040
9940
5473
7820
10426
1796
9004
8675
7106
7654
6843
2163
5254
1146
2155
4868
8695
2317
982
7145
5372
6109
6435
423
2846
10110
2446
5550
11056
1043
5416
5472
5863
2361
5021
7050
6632
5790
8512
3597
7482
5506
1094
3459
7043
2947
5468
6914
6982
10059
7408
5740
5017
9531
1819
7266
3049
8799
784
6121
6440
3443
3832
10367
6599
501
1563
3546
10852
9048
4111
273
11222
7871
8782
6495
6704
10479
454
8371
2234
9445
10950
8411
6338
11124
11226
1323
1935
2568
7343
1868
3853
10879
1689
2536
4790
4597
9687
10202
2364
3728
5674
9913
3011
4481
7539
8012
5480
5310
7038
1551
7590
5945
796
359
1296
11184
3077
1363
1189
6675
9388
4837
10902
2714
10455
2245
6214
2208
9707
9513
302
2848
4864
732
7423
9477
5180
10637
6775
9066
4678
8715
3059
8107
10747
2551
1676
7914
5400
8875
9616
10816
3195
9614
6327
7282
8961
8610
6947
1587
6094
2022
4429
6059
8977
487
6432
11137
2440
1610
7130
10317
6560
10921
8648
3743
1239
2086
8505
5005
1946
2596
559
6048
8616
8856
11026
10404
777
1106
9099
36
2821
8215
510
5507
8691
3137
5265
8687
4085
346
10663
2228
4488
3806
6396
8400
4995
7211
10045
5366
5044
3425
5901
4985
882
2775
2438
1737
2750
4055
9068
9263
10052
2085
3668
7215
4782
8350
6889
4192
11263
4436
5900
7837
1934
5411
981
6067
3251
5986
10396
10073
2988
7740
1979
8800
5176
7704
4342
4765
2414
3122
4012
5238
11252
3941
10553
6111
5881
10501
2452
2825
6098
4052
5387
1060
3965
7381
3951
4142
1428
4932
5673
2753
5642
1545
3534
5749
2828
8581
1787
10013
2931
7505
1128
10606
3538
4753
8858
8820
1991
8076
8398
5049
8920
8378
2930
9682
394
866
561
10005
2882
1364
5610
9958
9452
7537
10711
2367
3037
516
870
860
540
5566
230
349
7930
7953
10047
10093
8433
9639
5573
6558
8358
10218
312
5375
5397
9662
5461
2343
5011
4826
9942
10561
4246
8786
10115
1760
7611
3531
6718
404
402
2867
4899
5923
10705
8877
5103
856
9888
2830
2067
9963
8976
4098
10257
4747
6260
10964
5866
8214
10041
913
3399
4080
8621
7450
3842
1862
8316
1084
5776
7169
2544
10152
5479
10754
56
451
8449
9986
3100
7857
4688
10133
10867
5214
7206
5296
8587
7902
1740
5671
9395
3812
7126
3693
9061
11259
3528
5146
2949
10693
1091
2883
9948
8803
9640
169
5336
524
8315
9725
6736
7302
7103
9667
5207
2313
2993
7681
752
5041
10602
5403
7320
7659
1900
4674
2464
5278
1831
7886
9840
8563
8985
53
6999
8341
8429
10735
7448
617
9937
5356
2169
8722
10541
10578
9749
4874
5018
7473
6166
1773
6401
7668
10388
6249
3197
8938
2659
5289
2172
6137
9907
7522
5251
9317
5106
158
8162
2626
5830
9462
2781
6731
3189
8322
11060
4309
6127
6157
10104
2218
4367
8893
9892
9542
1452
1682
3144
669
2886
6113
6928
816
3198
1936
6022
9524
10331
1637
4715
10744
11048
4784
2027
1892
1939
6517
4224
51
7932
2589
3038
3983
8542
2740
10365
4156
9654
10673
10671
6000
8106
267
1861
2837
1048
1735
10032
1627
3920
5175
2231
4672
1593
8420
5651
2932
8425
8901
9216
79
1195
3256
6360
5464
8206
8269
9861
182
9131
4034
2727
7315
10595
4964
10860
2178
4958
4206
8947
2826
9165
951
9128
7673
3754
9407
11140
6830
8127
2731
2722
10539
2261
3125
10610
4100
5525
9564
2116
5430
5043
8506
9243
2720
6715
3785
5246
308
2982
2682
4124
1688
5947
7170
418
6890
8249
9043
5842
11173
2623
3707
8247
7825
8401
6212
10246
8104
4205
5331
10986
133
4850
8793
7780
5079
8990
6201
5217
8928
2300
10818
2281
6433
9000
7078
5853
8534
9653
609
8607
9356
6331
1401
10030
1522
3436
7906
9670
9494
10021
642
2640
1943
4946
6937
8103
2751
509
4107
3579
4595
9324
2879
6158
11183
11269
6096
9523
5345
2287
6351
6737
922
1417
1916
10749
2335
10839
3901
9285
11108
6881
1093
5462
6604
691
2935
7635
5788
6368
1664
5500
1186
7582
654
1198
6883
250
9605
9084
345
7647
8926
3896
5821
1446
5349
10007
1282
5841
5934
1555
3306
6724
8768
2667
3027
5134
9684
9918
3068
6743
6767
1683
9928
9847
1171
5926
1639
3713
8821
5488
8475
893
5828
10963
765
8372
6038
3790
886
10054
2953
3496
9101
2580
6867
7342
3026
6154
9881
8870
10233
8291
9713
1349
2107
2850
1873
10682
4851
8406
10014
11042
902
4766
4898
818
7439
8716
5730
8605
3684
4439
22
204
7977
4550
5078
10018
1767
9397
4701
11020
618
10155
5311
6145
5024
8611
73
10832
1142
9190
4226
8988
131
9475
10752
3578
1749
496
9005
1297
1661
4242
4562
7042
10279
9656
2123
8774
61
5586
8981
10282
11153
9677
3659
2098
733
9298
9230
591
276
3831
3536
5163
8930
3101
1445
837
4890
193
9731
1372
11228
6657
9346
923
2267
4903
1173
10811
1136
7045
3231
5299
5444
5814
5675
9835
10756
7897
9253
2121
9241
4614
7308
5662
4835
9733
10707
3315
1322
2484
2227
9031
4210
3505
4001
9136
6988
7538
4739
354
2390
970
7840
168
294
7540
9382
7963
5266
1553
5039
5275
6949
767
731
10895
6452
1552
6833
11107
2387
6677
946
8697
5867
5346
11249
5700
9873
1659
5988
106
4197
5287
6348
9234
4482
5762
4399
6660
2763
102
6060
8481
11115
1078
3736
6548
10819
7152
1765
7594
8116
596
1014
5328
7279
8026
2339
6784
15
7273
5523
8866
5452
5657
11133
6205
1390
11077
5354
1056
386
4559
7734
9803
4312
1871
2688
7608
7836
278
8198
6241
797
5552
1948
785
3908
10806
411
7735
4412
7978
605
6749
4745
7987
7663
1879
9194
977
1528
7607
10226
1557
3580
9775
3720
9364
3472
3377
7678
3964
10243
5581
7006
1235
117
2748
10785
1738
1436
4301
1129
11257
5585
8197
4651
6891
9643
6447
1341
5369
9545
11005
6077
38
8823
2102
6903
8814
7026
4289
11125
9512
4437
316
5114
1433
7579
1993
4628
10519
5962
7160
10660
10436
1447
3270
266
9863
8765
192
10234
9247
7714
5765
1143
5380
2749
3313
1657
9715
5688
5972
2122
8557
3950
5598
6531
6612
7241
7896
2005
4295
7159
10926
9367
3981
6965
8778
9188
6782
5208
9750
2249
3064
4148
6079
6526
8273
11268
1464
5420
3592
7841
2030
4166
7459
925
11201
5950
10730
2094
8843
5429
428
10510
787
2920
4938
3223
1306
3171
10973
6580
8795
9957
1475
2307
3401
778
1778
2350
9692
6649
5111
11142
6213
6678
5621
8647
9472
2547
2977
5563
7254
8894
3904
1958
3057
4579
6897
2310
10208
2096
2268
2903
1635
3825
2329
2578
901
5911
7495
3420
4208
10571
10400
685
6977
2646
10925
10143
1977
5003
10621
9332
7746
5438
4969
109
1731
9553
4631
9038
3640
626
8848
10845
10157
2083
6034
7204
11084
6194
1901
7583
46
4039
8239
694
10304
11152
3874
7412
1837
2266
1219
3338
4077
6439
7794
528
10130
9412
3719
2852
2091
7011
1462
8601
4322
1761
11217
10748
170
11043
7067
10087
2431
9505
8051
3645
216
4682
4555
5864
8168
5837
10849
7983
2989
2620
7565
9999
6261
1002
8272
3930
11002
6682
7345
8880
3739
9534
4981
9448
2809
11103
6027
9408
3975
11159
10969
1042
2133
10538
8258
3147
10440
6956
202
8125
4161
2839
8544
356
10877
5724
8939
104
3692
68
10460
6641
10873
1714
7785
497
9650
11095
11196
1295
5371
6551
7009
9044
1719
2971
8335
9306
4787
8395
3550
6753
8906
6149
10662
10761
3657
7642
2956
9149
7915
10787
10120
11220
4957
6451
3148
1781
914
441
4032
1158
3281
9287
7095
10136
2807
7545
8564
1990
3201
290
525
7224
6513
9753
1896
4825
7321
7955
1937
10461
3559
10149
7223
1515
2811
6780
7739
9931
297
4476
9354
9413
3183
6467
7214
1238
334
644
5597
149
1970
6710
10853
3747
3134
10689
7040
974
3178
6341
10797
2845
4546
1601
1941
2349
3577
4982
6394
10076
8895
11258
1669
2818
8285
3515
5481
7068
2765
10560
4154
728
5875
6374
1054
4019
1889
6803
7887
1743
9982
5843
11047
1332
2473
6266
1905
435
5727
9578
9946
280
11238
1974
1799
9485
10340
4299
5921
7879
10683
1422
2560
5957
3415
10113
1733
5352
6218
5368
9927
6263
3328
5879
7894
5994
3143
1742
739
5519
3048
5799
9994
10643
2144
961
9932
8580
2355
5613
8862
366
10546
6481
2366
4975
10433
7662
6579
9469
5119
3249
7201
6849
8383
10337
10759
10799
4173
5120
9516
11006
1148
1836
3205
6131
10574
3729
7569
3355
9025
1370
5980
1502
3395
7868
10792
7334
4604
4734
6461
1246
11049
6898
10088
8165
9139
5225
292
7566
11070
10009
2365
3819
4993
1453
3461
4976
10856
4931
5883
7765
9874
9622
9858
10223
7755
9483
6601
817
819
959
5330
1510
3663
11208
3567
4840
5524
10962
1194
10064
10454
10191
5689
1111
10216
6650
5344
5604
3165
7799
5435
9002
8246
5442
6533
8760
4735
6411
6884
5270
8545
10529
4600
10483
2073
10084
3673
4820
5093
7856
5608
10024
9827
3473
11080
9238
3457
3971
6376
5540
7219
7249
7171
8426
10798
1441
5185
7099
9838
3779
10375
3293
4389
7186
1181
7577
6012
9898
4685
4125
8468
7593
1550
4814
2819
6606
5645
6892
6110
7419
10952
3607
10391
7557
8756
2520
9457
4174
7324
5324
8010
572
10627
10359
1827
4872
3173
4573
5750
8261
10485
5909
9197
4406
5745
6192
10488
6484
10947
5827
1906
8444
9093
9361
7899
1162
1811
9316
9280
4357
10389
305
5855
9036
570
2909
4801
391
614
4750
5804
9923
9966
4487
6828
8282
877
6354
4852
11151
2573
3845
5684
3036
11046
10722
7031
8250
8407
1036
2553
2859
1125
3664
5172
2426
3384
4771
2861
11074
1915
2326
1247
5902
9235
4329
4002
4113
3118
3471
4218
2099
3120
5335
8606
4904
11179
2097
1531
1455
2664
3138
5661
5894
6925
8435
1086
3388
4067
4758
2927
4259
7692
5854
6688
9041
5074
2051
6063
7405
11177
3039
9730
2206
7827
3962
5789
6979
6627
2301
6549
7454
9763
3320
3244
2766
6104
6193
2877
135
1046
1450
512
4141
9258
9894
6550
4805
1041
9204
4018
2213
2477
7846
7007
5829
1590
4280
7877
5856
652
6046
6970
9237
1684
271
5999
8393
347
10990
3239
5042
6637
5414
1814
7621
2017
7641
9802
7008
9248
1776
5807
10057
8612
10594
2770
11182
2635
8323
6745
4066
9601
4071
5758
6397
253
4179
6941
482
6938
9587
4409
2712
3549
710
10521
4776
4803
6624
4121
7028
11031
7926
520
3829
279
9081
3746
1640
5939
8333
2124
9632
5341
10596
10697
11232
3206
6953
1021
5014
9062
4374
3054
1613
7
8498
6792
1848
1608
9326
10148
833
6265
863
1956
5715
3598
574
1598
5386
7113
10074
648
3323
4123
5937
8515
3172
1
9118
6990
1615
5063
5326
8263
742
7610
953
1134
3560
6352
6299
5509
9024
3412
5004
8348
6150
10506
4126
9727
8954
6015
1655
2299
3621
7406
10870
2633
7767
10475
2392
1576
5551
1120
7748
2834
11166
1546
8804
3814
9568
8289
2275
3724
4057
11135
2395
7855
8714
5840
3410
6643
7923
1893
14
789
5870
7604
631
5731
11061
2043
3750
8122
4698
9593
2165
3682
4035
4162
8379
8024
8252
887
9743
10619
689
3248
6211
254
4813
1645
4942
7093
5147
8271
9164
10793
143
9738
3570
4315
1732
4587
6786
4267
4684
2296
6975
4828
7372
9666
10997
4774
9271
639
3294
1519
6608
1717
9082
37
3636
1050
7048
11118
1561
4372
5729
10554
2190
9889
299
1333
7710
255
84
7730
1461
1477
4806
3324
1366
11202
5753
2084
3642
3656
3894
11223
4048
5192
1697
140
1653
4477
801
4534
4887
3863
1964
4617
1291
9635
2595
8852
7185
2284
7773
9985
5490
11097
11045
1978
4541
4582
7391
7779
9887
1803
58
851
1305
8025
5741
9201
9686
10140
11162
10497
3774
7922
9342
2948
761
2476
9910
4653
7013
5810
10492
4687
1591
10414
3329
10826
6388
539
4043
3112
2602
9997
10992
9226
11171
3217
4792
8745
927
2614
10121
708
1365
8805
6564
5786
4728
9630
8081
5306
10892
6470
7142
7158
10207
7107
1283
9708
7733
311
7676
963
4078
4925
9501
4913
7865
2835
7257
7261
7290
2934
11036
3523
2508
4203
10961
6371
5897
7133
10114
6156
8235
1406
7467
1514
7181
317
2423
4054
6552
4279
9305
10392
3960
5574
1040
6633
3989
2479
2885
219
5432
9561
8109
1500
3970
8869
2402
8667
6846
8576
1686
421
1421
7750
4333
3949
6776
6314
6169
9464
9490
2466
4527
5178
10558
6047
6132
1968
2344
8121
8402
4547
5569
6645
1387
7880
3127
6209
9359
10633
10740
10077
8342
6133
7993
3220
3287
9426
3099
5889
4365
3422
3018
1736
7121
9254
3106
3228
5161
9981
9780
6524
8037
1644
5058
2802
10401
1419
5560
7911
8879
4273
8940
6255
6679
6419
3012
5579
9097
5517
9774
7297
2994
4050
8016
10913
4789
5015
8314
794
8166
7163
1872
1909
5803
8139
8087
623
1863
7674
3786
5812
4645
5057
1471
10848
713
6587
5458
8211
1614
1931
2042
6343
8578
8749
5094
6929
1766
3169
4901
1415
4668
9911
6629
3456
5547
9748
952
5884
7210
3298
4841
2024
3051
8754
10720
3928
5334
9419
4274
506
4252
1660
3440
1168
1911
9811
3393
6353
6964
7544
7318
7686
2801
792
6006
8267
8690
3862
4459
414
2055
9313
9174
249
2341
9921
10160
1133
3499
8156
6625
3891
4331
7054
5059
6493
4189
2619
4199
8048
4959
8999
10863
5406
4756
10568
5061
8837
5744
11015
9353
9826
507
9620
2134
10537
1307
3097
828
1184
8365
9343
9843
4522
9120
11
7188
1108
8570
9947
6044
4944
587
10336
1294
9594
7389
179
9920
4059
2239
10033
1810
883
3801
3732
5277
10564
4217
335
2762
7774
10864
5359
10189
6339
5010
6586
6561
1293
10025
1248
6934
2605
6611
5818
4632
7690
7866
3512
537
6215
7017
4838
5511
5611
4009
11088
9442
6475
7311
8063
11141
9300
2804
2976
3257
7509
6870
6899
9337
10520
4160
4118
10746
9456
1188
2432
3046
1165
3209
95
4447
122
8448
48
406
3771
3988
8352
3958
8496
6860
10745
1626
7151
5193
6070
3522
9791
7909
7437
2725
9088
8155
10646
10956
10313
1420
4821
8403
6609
8006
201
2522
9537
4391
7844
28
10534
10548
2538
4549
5699
5716
7572
4928
6703
10851
10910
4286
6370
2101
4505
3620
10409
10721
35
7124
10511
1981
1560
6824
9788
5159
5505
8186
1984
9129
8074
3232
9977
10795
103
997
5316
7426
11221
3934
9939
8478
10569
9726
2253
5126
10198
2583
5646
9628
549
10971
6939
1908
6759
7004
9214
11185
986
7120
10524
8313
10487
7834
1448
1769
3787
8633
513
3129
4892
1386
8762
10245
11216
2202
8689
9436
10615
4024
6583
1003
1944
2461
6304
769
1027
9105
5534
11165
2890
10434
1554
1867
4717
5697
8923
4268
9541
459
4467
11168
6525
8490
3572
3892
6504
9603
6496
8047
3494
8543
239
532
2884
3910
5202
10580
1236
6421
2942
3157
10965
842
7063
2078
3083
9646
1547
2488
7888
6076
10994
1592
10127
5768
2019
5931
1342
7420
1103
2293
2152
3745
7430
867
9751
447
634
9901
5808
3378
6385
10470
9978
1251
6146
1024
1261
2143
3905
5763
4223
6224
5607
6054
7056
6888
5996
3380
899
5839
3450
3349
9856
5198
11186
7258
9379
9502
2146
7975
3082
1130
1161
4073
9961
8582
10573
4
8910
9886
7490
8245
4778
258
2128
6001
1629
10937
7383
9993
4568
10066
5378
5997
2191
9260
7288
2672
1389
2528
10128
10939
7037
6229
9693
2241
1045
10763
530
1953
5109
1745
5136
9717
972
8779
1724
10171
3539
8034
3846
9215
2842
7425
2832
8523
8753
1152
5516
10931
8546
2769
7403
8344
841
9652
9836
10240
10780
89
9205
10276
649
7136
2201
5712
6250
7340
11023
3376
205
1969
6164
7646
7928
8734
1588
2561
6505
8532
827
11038
10381
11054
2407
4832
3352
5817
9447
3680
2385
1234
3918
1315
5149
8980
5632
3725
4139
9010
2003
10238
1631
10905
8268
770
3618
2334
63
2209
9585
440
5832
7039
6831
1204
947
5484
2856
3532
5861
9422
1780
2382
807
1013
10681
301
8915
4349
8747
4519
6112
9109
6492
3589
5422
7697
3370
9936
980
7284
10695
8931
9621
3877
1163
8453
8883
8585
5527
9275
9013
4999
10623
438
7101
4114
1044
1258
8595
4834
6572
1126
929
775
10125
7998
2978
5212
6987
4450
8019
4741
7146
10302
9261
7005
4375
9970
10614
2303
5779
94
7062
3869
10081
2497
941
5317
6069
5491
4586
4764
7352
9103
2311
444
6318
6593
10002
4442
4972
9673
10065
6740
10542
8347
3533
5002
1616
10415
10186
6781
2417
4415
6589
1846
9162
8325
9506
10517
198
6967
9846
585
5065
1930
5032
9167
7625
7702
9039
5107
10291
9453
9855
7885
455
1940
6386
2591
11239
5677
7087
10034
3704
9926
9511
11101
896
5413
11128
4314
408
7599
9319
10624
1636
9930
8059
4017
363
1467
1521
3610
10741
4611
9514
4556
5290
7809
10531
1254
3924
1723
10418
3345
6208
7501
8203
7904
4058
5179
3199
4897
10912
3798
8213
5070
5033
10484
2186
11205
8132
782
2465
1418
2936
2822
8796
8002
9090
2550
3715
5305
2308
4444
3566
10241
5508
8442
3211
5757
5381
10904
5329
2796
7549
1994
5482
4178
2013
2754
515
10374
7628
7135
45
2545
115
10669
3428
6129
4880
381
11104
11245
5098
5752
6747
4703
9213
629
674
9973
4623
5785
1912
6220
10122
1179
7400
3301
6254
683
10835
2576
4524
7845
5893
4759
9570
3331
2567
9352
10332
10674
4593
173
8700
7982
8438
563
9470
844
2346
3034
9943
146
7179
6520
5773
9768
9220
11261
5653
9787
246
6489
1924
8561
211
2862
10857
2167
9896
2529
5101
3803
4433
5747
7553
8064
7722
7104
1542
7900
2563
7019
8376
9608
1288
5143
2200
10918
461
8927
2968
820
6622
2347
8003
627
2670
3706
9299
1155
4237
8761
5658
10212
7235
5367
7046
8651
5577
2581
10197
6124
7562
98
6996
1334
2333
1700
984
10295
8872
11057
10072
2496
4638
4538
8632
9425
2141
6359
5077
3366
3968
1488
2439
2498
2413
5852
5465
6219
10269
8112
10175
120
1431
11003
9891
8766
9877
3160
6543
7291
2730
9112
2518
10874
7568
2000
1275
8537
3152
8399
4469
10142
1491
7859
7228
2104
10138
3749
9206
10134
9784
6016
228
417
3174
2892
6160
5532
5952
6347
6810
575
10639
10027
6969
5428
7597
5194
7370
4020
10425
6296
8488
7605
5131
2066
3432
6153
4619
5568
4937
5487
9100
10272
11248
384
6761
2723
4255
4536
10582
7267
11194
8328
3373
4584
1068
11030
2684
5030
4438
4571
9527
153
5686
7157
995
2643
2870
362
9211
3731
1465
10387
584
237
2478
9690
7552
1348
7084
9180
8279
10875
7948
9853
6269
7508
8960
9641
2457
602
5475
10706
7460
11174
6665
10239
4511
8639
926
5859
10193
11219
3465
2857
5751
2969
8194
4454
4076
1973
9824
500
4629
2849
6976
4996
2662
1612
1304
2393
9327
4664
783
6414
8408
4489
916
5066
5271
8118
10932
880
3353
4783
3075
9566
10427
446
4405
4144
4480
1544
5215
6268
5748
6673
9250
10570
448
5158
327
6985
9680
9559
4552
9902
3181
879
5051
6535
1798
457
973
4581
7756
10250
6735
6392
8662
10448
4346
4366
6820
3063
9868
1628
1516
9454
10482
8847
8776
9755
2527
10938
3389
4311
619
9318
7861
11008
9085
3006
7269
2791
8629
4158
8083
11027
415
233
7650
6617
119
203
2136
5953
8949
6636
7811
7047
427
4530
4134
10043
928
1180
1062
3963
7966
6847
1141
10734
96
1269
3334
7943
9709
7070
6446
6807
666
5072
6058
3887
4062
4777
8953
4084
1012
7997
5656
7072
8071
6628
10369
8873
681
4945
4974
8307
772
7255
8592
9756
324
55
10277
2362
6765
7089
7808
3834
5743
2534
5474
6026
2470
3030
4554
7336
7074
3089
6658
10432
9933
6555
351
6936
7870
8732
6598
2905
3065
4917
10833
2506
2340
4414
10883
5848
2319
10903
8300
6293
7441
5531
3585
8389
7395
6002
8346
3279
6887
7410
9227
8494
4500
10661
2354
2483
5363
5383
4793
1217
49
5533
26
7546
1917
3672
6951
8699
3940
7589
9759
195
762
3318
810
5638
8898
1287
1574
1135
7020
5279
7651
2450
10008
2320
4731
4007
4610
10493
3852
7736
10525
385
1398
2491
234
10100
5412
10406
3253
6857
6128
1782
5477
5759
8196
968
8922
6727
4567
7118
4697
5153
7248
1167
2283
3638
9602
1564
4737
2217
8881
1170
4691
9965
740
4128
1439
62
1530
2207
8275
2389
5791
10111
1061
2793
5467
6908
8148
8058
310
676
2788
5436
10723
8278
9466
672
323
6199
9606
6270
2913
6238
10630
1243
2764
7112
7294
8849
5575
1233
4221
4709
8255
3361
10458
3524
3671
10758
7434
2774
5223
8228
1273
2129
8270
3973
7567
4879
144
4061
215
8971
9778
10908
11189
6686
8176
10278
4918
9138
11150
2378
431
3110
4929
2636
3277
2707
141
4384
7970
210
6402
8771
6093
9496
10993
1416
10896
2644
4426
5142
5735
1641
1975
8281
6118
9035
10444
124
5835
2721
2813
8685
5792
643
7307
7445
8154
5869
112
4051
4829
5722
5708
5769
1382
1920
2495
10106
1432
6597
261
6591
3310
390
4432
722
3398
7348
1338
3926
10940
6487
7601
2944
2601
6959
105
4266
8232
9086
6603
7892
8764
1053
325
2148
2222
238
1402
4227
6202
7071
8173
10739
5157
2375
42
5150
8142
10296
6708
7207
10842
11198
2237
3595
8359
6173
7174
6932
8932
5080
869
4652
10589
9033
1250
3044
5262
10567
9550
7883
8188
697
5891
7082
764
6393
7278
10817
147
6155
3995
5652
5649
11265
9187
5966
395
4870
7645
2009
10306
4730
409
4630
9335
8929
911
2018
6498
1256
4183
8305
10489
52
9798
6337
5449
6455
9579
10653
369
10609
10995
10760
10626
11132
7023
4509
11099
10412
7789
10635
5076
10861
800
6085
9141
8538
1967
5756
1325
3433
10762
9781
9823
1035
1359
7128
1057
8710
6569
7161
2695
5181
5703
10235
113
9435
3676
10154
5781
10082
7029
4833
1532
1149
9528
6813
1834
7513
4626
9028
1487
9607
4866
8565
9631
3999
8320
3573
3639
6984
5410
8108
1326
10598
4947
2564
5095
6918
5979
123
1077
7843
1182
3700
2193
9546
10647
11237
368
4971
9321
9617
2911
2157
11227
1330
6894
4040
5052
4603
7150
4187
1703
357
4063
10675
3022
6246
2360
8599
4914
9163
9304
1807
5036
6971
2356
3295
4656
9229
5687
2922
11114
1643
10644
613
4690
3316
3483
2698
4191
3776
2792
3128
10978
10922
1642
3424
5783
2735
4185
4673
2916
1823
1972
3417
3102
4290
9104
2462
4902
5211
329
4761
139
4421
7414
7973
10481
8421
8694
453
2773
7570
11200
9478
2810
7815
2516
1088
1202
1379
5930
6122
9037
607
9270
396
1197
1393
9265
10187
2704
6161
11131
10004
1005
3686
4939
1485
7024
10909
1076
3507
2298
5171
6618
7680
9463
1770
1605
10891
8520
8473
7306
1080
1151
5313
4400
8900
2598
6497
10930
1208
4956
7111
10535
9689
10490
401
4472
1715
5692
9812
9850
6326
6877
4523
6288
4403
3547
8050
7976
2076
2897
8777
6476
3028
8345
10854
3000
7384
7860
2841
11067
1460
1764
6189
3009
7149
7444
10449
4316
6893
8579
10916
4112
1279
2666
8533
9107
10220
5191
1509
9991
138
992
9984
1316
3617
1696
3542
4722
636
8708
8979
2198
3488
7819
407
1595
7374
8524
1063
2038
10773
8917
4211
8412
9878
6438
8622
11109
4041
1405
3087
3541
2
8072
2863
6422
6230
659
4636
6865
5321
7489
1573
11025
2777
4609
9916
3392
4949
9267
1895
1904
8674
2681
389
996
2757
3521
212
1556
8784
9314
10920
7967
9613
11121
1493
781
2555
4300
7936
8551
5327
6334
3903
3202
7125
8189
3602
1281
2374
4704
4496
2651
7075
3359
5862
9851
6858
5961
5704
10617
9739
8413
8260
6648
8177
2363
3667
4344
6236
8974
7769
11130
4387
2092
3286
6655
5035
9217
2151
2010
5337
3246
11236
437
5865
9455
4953
10823
2376
9509
8100
8955
3517
10914
6741
7652
9665
4044
5360
191
7725
7225
5089
7285
7847
7166
8989
71
6671
7002
6259
9960
1020
5471
7500
6722
8144
1069
10988
1716
3520
551
11050
5539
1692
3045
10494
4998
8243
8855
177
5253
5362
1301
4093
3150
7862
4598
9772
10491
30
6739
9612
915
348
3884
9191
1886
3340
6725
6991
1029
6445
4465
5679
9060
9500
9503
3062
688
5767
4954
1072
7757
5392
6274
10933
353
1565
4544
2676
10980
1175
3234
283
9746
6409
9168
10579
3159
5137
2685
5097
9348
645
6143
7760
7959
6075
6140
11243
6873
5905
9065
969
3778
6216
3265
3225
10941
5571
9431
4325
8437
892
502
8462
6273
2199
3883
10729
6448
8668
2161
8934
2109
2552
1097
5822
8303
5640
1227
2926
3426
3193
9130
5292
3365
5537
7233
223
8018
4297
6667
633
4401
5440
8705
2632
6308
463
10518
5922
4204
5906
9117
484
7018
3679
6053
7237
6442
7236
10383
9384
5612
3186
4847
2221
2908
274
10605
1092
6530
8265
9996
2780
9481
4136
6377
9696
1699
331
3430
2273
5282
7226
8361
9363
2315
6794
10522
474
9567
8014
9203
8882
5417
1109
9591
2645
3047
5497
3212
5257
8022
9549
4167
2153
2463
6701
7275
10676
5728
2305
9729
3537
10046
9290
4440
9761
10815
2106
6804
83
458
10312
11052
9486
4907
7802
10547
10769
5007
5721
4987
857
8886
5918
1289
10075
1164
10063
10710
6258
6771
4247
8077
3060
4129
3335
2831
9875
10094
5580
10310
10813
